Delta^2(k) = 1 at 
k_linear = 0.24945081352303133
k_nonlinear = 0.20729217795953683